contract == null: False Time:24/06/2020 1:21:00 PM

contractID: 10040 Time:24/06/2020 1:21:00 PM

contractStationTariaff == null: False Time:24/06/2020 1:21:00 PM

contractStationTariaffID: 367 Time:24/06/2020 1:21:00 PM

totalQuantityCost: 250.0000 Time:24/06/2020 1:21:00 PM

extraKMCost: 2575.00000000 Time:24/06/2020 1:21:00 PM

totalCost: 2825.00000000 Time:24/06/2020 1:21:00 PM

